=================================================ALL=================================================


Last login: Thu Dec 15 11:54:53 on ttys001
You have mail.
eb2-2206-mac03-4:src akond$ python trend_topic_anal.py
***************************************************************************
All dates, sorted: ['2008-08', '2008-09', '2008-10', '2008-11', '2008-12', '2009-01', '2009-02', '2009-03', '2009-04', '2009-05', '2009-06', '2009-07', '2009-08', '2009-09', '2009-10', '2009-11', '2009-12', '2010-01', '2010-02', '2010-03', '2010-04', '2010-05', '2010-06', '2010-07', '2010-08', '2010-09', '2010-10', '2010-11', '2010-12', '2011-01', '2011-02', '2011-03', '2011-04', '2011-05', '2011-06', '2011-07', '2011-08', '2011-09', '2011-10', '2011-11', '2011-12', '2012-01', '2012-02', '2012-03', '2012-04', '2012-05', '2012-06', '2012-07', '2012-08', '2012-09', '2012-10', '2012-11', '2012-12', '2013-01', '2013-02', '2013-03', '2013-04', '2013-05', '2013-06', '2013-07', '2013-08', '2013-09', '2013-10', '2013-11', '2013-12', '2014-01', '2014-02', '2014-03', '2014-04', '2014-05', '2014-06', '2014-07', '2014-08', '2014-09', '2014-10', '2014-11', '2014-12', '2015-01', '2015-02', '2015-03', '2015-04', '2015-05', '2015-06', '2015-07', '2015-08', '2015-09', '2015-10', '2015-11', '2015-12', '2016-01', '2016-02', '2016-03', '2016-04', '2016-05', '2016-06', '2016-07', '2016-08', '2016-09']
***************************************************************************
Topic: 1
[0.036, 0.038, 0.047, 0.032, 0.074, 0.053, 0.044, 0.067, 0.09, 0.08, 0.056, 0.044, 0.038, 0.04, 0.035, 0.053, 0.056, 0.052, 0.051, 0.048, 0.043, 0.026, 0.037, 0.046, 0.042, 0.057, 0.041, 0.029, 0.069, 0.059, 0.048, 0.054, 0.06, 0.028, 0.055, 0.039, 0.051, 0.056, 0.055, 0.05, 0.053, 0.046, 0.061, 0.05, 0.049, 0.057, 0.051, 0.048, 0.055, 0.043, 0.05, 0.047, 0.057, 0.051, 0.064, 0.049, 0.051, 0.05, 0.055, 0.048, 0.051, 0.039, 0.053, 0.055, 0.056, 0.049, 0.055, 0.074, 0.067, 0.062, 0.066, 0.06, 0.061, 0.057, 0.054, 0.055, 0.045, 0.045, 0.05, 0.042, 0.047, 0.052, 0.045, 0.047, 0.047, 0.043, 0.047, 0.045, 0.05, 0.049, 0.048, 0.05, 0.045, 0.047, 0.047, 0.049, 0.048]
***************************************************************************
Topic: 2
[0.031, 0.013, 0.015, 0.012, 0.005, 0.006, 0.006, 0.005, 0.014, 0.005, 0.007, 0.003, 0.008, 0.004, 0.016, 0.008, 0.015, 0.004, 0.006, 0.02, 0.006, 0.01, 0.009, 0.009, 0.005, 0.017, 0.01, 0.026, 0.015, 0.01, 0.021, 0.036, 0.026, 0.02, 0.025, 0.035, 0.028, 0.042, 0.028, 0.031, 0.037, 0.019, 0.033, 0.041, 0.037, 0.037, 0.032, 0.048, 0.038, 0.044, 0.033, 0.039, 0.052, 0.045, 0.056, 0.058, 0.054, 0.046, 0.041, 0.045, 0.049, 0.049, 0.047, 0.045, 0.047, 0.051, 0.045, 0.07, 0.06, 0.047, 0.054, 0.071, 0.063, 0.058, 0.064, 0.058, 0.055, 0.062, 0.068, 0.071, 0.066, 0.065, 0.064, 0.064, 0.069, 0.078, 0.068, 0.071, 0.063, 0.074]
***************************************************************************
Topic: 3
[0.057, 0.016, 0.032, 0.044, 0.067, 0.038, 0.015, 0.02, 0.008, 0.027, 0.023, 0.012, 0.043, 0.023, 0.014, 0.051, 0.026, 0.028, 0.022, 0.016, 0.008, 0.033, 0.018, 0.021, 0.023, 0.022, 0.028, 0.016, 0.023, 0.011, 0.03, 0.016, 0.022, 0.034, 0.033, 0.046, 0.025, 0.026, 0.038, 0.026, 0.039, 0.033, 0.038, 0.038, 0.034, 0.032, 0.046, 0.033, 0.041, 0.045, 0.049, 0.047, 0.038, 0.051, 0.051, 0.047, 0.063, 0.058, 0.064, 0.068, 0.06, 0.05, 0.066, 0.055, 0.057, 0.063, 0.069, 0.066, 0.063, 0.058, 0.065, 0.07, 0.054, 0.067, 0.067, 0.06, 0.064, 0.056, 0.057, 0.056, 0.059, 0.062, 0.061, 0.056, 0.051, 0.057, 0.056, 0.049, 0.046, 0.049, 0.044, 0.046, 0.044, 0.044, 0.037]
***************************************************************************
Topic: 4
[0.038, 0.048, 0.022, 0.038, 0.036, 0.051, 0.056, 0.055, 0.046, 0.052, 0.043, 0.033, 0.075, 0.055, 0.048, 0.043, 0.069, 0.049, 0.051, 0.033, 0.054, 0.062, 0.029, 0.05, 0.041, 0.051, 0.056, 0.046, 0.052, 0.032, 0.05, 0.041, 0.038, 0.046, 0.038, 0.045, 0.046, 0.041, 0.038, 0.041, 0.037, 0.041, 0.051, 0.045, 0.036, 0.045, 0.03, 0.039, 0.037, 0.033, 0.034, 0.037, 0.043, 0.045, 0.04, 0.04, 0.041, 0.037, 0.035, 0.041, 0.042, 0.043, 0.049, 0.045, 0.037, 0.05, 0.044, 0.044, 0.041, 0.044, 0.043, 0.044, 0.049, 0.045, 0.043, 0.043, 0.043, 0.039, 0.039, 0.043, 0.043, 0.04, 0.038, 0.04, 0.045, 0.043, 0.043, 0.041, 0.038, 0.043, 0.043, 0.038, 0.037]
***************************************************************************
Topic: 5
[0.071, 0.029, 0.032, 0.011, 0.029, 0.011, 0.026, 0.036, 0.02, 0.016, 0.005, 0.034, 0.029, 0.021, 0.051, 0.019, 0.015, 0.029, 0.036, 0.03, 0.02, 0.022, 0.036, 0.022, 0.012, 0.032, 0.017, 0.021, 0.023, 0.018, 0.034, 0.035, 0.028, 0.024, 0.022, 0.02, 0.027, 0.035, 0.029, 0.035, 0.021, 0.042, 0.049, 0.051, 0.043, 0.034, 0.029, 0.029, 0.033, 0.034, 0.03, 0.032, 0.033, 0.037, 0.035, 0.048, 0.03, 0.038, 0.04, 0.035, 0.04, 0.04, 0.05, 0.045, 0.041, 0.034, 0.045, 0.048, 0.052, 0.043, 0.043, 0.046, 0.042, 0.059, 0.063, 0.052, 0.05, 0.049, 0.052, 0.048, 0.05, 0.051, 0.045, 0.049, 0.047, 0.043, 0.049, 0.049, 0.043, 0.044, 0.05, 0.05, 0.046, 0.042, 0.05, 0.037]
***************************************************************************
Topic: 6
[0.047, 0.021, 0.015, 0.022, 0.029, 0.015, 0.032, 0.022, 0.023, 0.017, 0.016, 0.023, 0.028, 0.033, 0.022, 0.028, 0.026, 0.024, 0.019, 0.012, 0.018, 0.021, 0.037, 0.017, 0.021, 0.037, 0.02, 0.037, 0.024, 0.028, 0.03, 0.031, 0.027, 0.019, 0.047, 0.044, 0.033, 0.029, 0.038, 0.038, 0.038, 0.05, 0.038, 0.048, 0.031, 0.051, 0.039, 0.047, 0.044, 0.046, 0.045, 0.037, 0.052, 0.043, 0.045, 0.043, 0.048, 0.031, 0.038, 0.046, 0.03, 0.04, 0.038, 0.038, 0.042, 0.037, 0.045, 0.035, 0.04, 0.042, 0.036, 0.033, 0.034, 0.031, 0.033, 0.032, 0.03, 0.027, 0.025, 0.026, 0.029, 0.031, 0.029, 0.03, 0.031, 0.027, 0.023, 0.024, 0.022, 0.023, 0.021, 0.024, 0.222]
***************************************************************************
Topic: 7
[0.036, 0.01, 0.016, 0.016, 0.032, 0.015, 0.044, 0.038, 0.015, 0.025, 0.069, 0.038, 0.057, 0.029, 0.07, 0.047, 0.019, 0.022, 0.064, 0.02, 0.052, 0.02, 0.024, 0.048, 0.036, 0.018, 0.02, 0.025, 0.049, 0.021, 0.025, 0.021, 0.024, 0.023, 0.019, 0.021, 0.042, 0.027, 0.035, 0.024, 0.017, 0.017, 0.018, 0.028, 0.023, 0.023, 0.026, 0.022, 0.037, 0.035, 0.038, 0.035, 0.028, 0.032, 0.031, 0.035, 0.029, 0.036, 0.029, 0.032, 0.027, 0.03, 0.039, 0.038, 0.035, 0.035, 0.038, 0.036, 0.043, 0.048, 0.045, 0.044, 0.04, 0.048, 0.046, 0.054, 0.049, 0.044, 0.05, 0.046, 0.045, 0.053, 0.047, 0.046, 0.048, 0.049, 0.05, 0.051, 0.049, 0.046, 0.046, 0.052, 0.048, 0.048, 0.048, 0.04, 0.074]
***************************************************************************
Topic: 8
[0.038, 0.016, 0.019, 0.063, 0.044, 0.022, 0.051, 0.036, 0.061, 0.069, 0.077, 0.103, 0.076, 0.08, 0.06, 0.056, 0.044, 0.048, 0.043, 0.065, 0.089, 0.043, 0.057, 0.068, 0.056, 0.037, 0.055, 0.08, 0.062, 0.047, 0.062, 0.054, 0.039, 0.061, 0.034, 0.045, 0.034, 0.042, 0.047, 0.045, 0.048, 0.045, 0.034, 0.031, 0.045, 0.05, 0.045, 0.041, 0.04, 0.045, 0.051, 0.045, 0.04, 0.044, 0.05, 0.044, 0.034, 0.043, 0.038, 0.044, 0.047, 0.034, 0.037, 0.042, 0.046, 0.045, 0.043, 0.039, 0.045, 0.047, 0.046, 0.043, 0.048, 0.037, 0.039, 0.045, 0.044, 0.049, 0.04, 0.045, 0.039, 0.042, 0.04, 0.04, 0.043, 0.045, 0.043, 0.044, 0.045, 0.042, 0.04, 0.043, 0.043, 0.042, 0.044]
***************************************************************************
Topic: 9
[0.107, 0.114, 0.031, 0.127, 0.056, 0.011, 0.044, 0.056, 0.051, 0.044, 0.025, 0.036, 0.033, 0.023, 0.047, 0.048, 0.056, 0.052, 0.073, 0.054, 0.051, 0.056, 0.057, 0.073, 0.051, 0.057, 0.086, 0.052, 0.055, 0.054, 0.069, 0.063, 0.06, 0.089, 0.08, 0.054, 0.072, 0.073, 0.053, 0.045, 0.07, 0.059, 0.076, 0.058, 0.065, 0.052, 0.051, 0.068, 0.059, 0.08, 0.047, 0.064, 0.056, 0.051, 0.05, 0.051, 0.046, 0.045, 0.058, 0.056, 0.046, 0.053, 0.041, 0.052, 0.038, 0.035, 0.041, 0.038, 0.036, 0.035, 0.035, 0.041, 0.035, 0.036, 0.034, 0.029, 0.027, 0.028, 0.029, 0.027, 0.03, 0.033, 0.03, 0.031, 0.033, 0.03, 0.032, 0.03, 0.031, 0.027, 0.032, 0.033, 0.031, 0.027, 0.029, 0.033, 0.032, 0.037]
***************************************************************************
Topic: 10
[0.286, 0.267, 0.313, 0.27, 0.352, 0.253, 0.324, 0.222, 0.231, 0.212, 0.183, 0.165, 0.202, 0.194, 0.192, 0.203, 0.205, 0.207, 0.215, 0.198, 0.217, 0.156, 0.22, 0.211, 0.193, 0.24, 0.204, 0.218, 0.196, 0.165, 0.216, 0.24, 0.216, 0.207, 0.219, 0.199, 0.229, 0.226, 0.229, 0.18, 0.208, 0.198, 0.222, 0.179, 0.192, 0.206, 0.17, 0.187, 0.185, 0.179, 0.172, 0.177, 0.171, 0.188, 0.166, 0.142, 0.17, 0.148, 0.17, 0.166, 0.148, 0.146, 0.131, 0.136, 0.115, 0.128, 0.117, 0.106, 0.099, 0.109, 0.097, 0.107, 0.097, 0.098, 0.087, 0.094, 0.08, 0.08, 0.088, 0.086, 0.088, 0.091, 0.089, 0.098, 0.096, 0.088, 0.085, 0.084, 0.082, 0.082, 0.086, 0.096, 0.087, 0.089, 0.09, 0.091, 0.099]
***************************************************************************
Topic: 11
[0.048, 0.063, 0.079, 0.019, 0.042, 0.132, 0.033, 0.026, 0.044, 0.071, 0.036, 0.066, 0.069, 0.058, 0.053, 0.047, 0.028, 0.055, 0.042, 0.051, 0.065, 0.061, 0.068, 0.057, 0.05, 0.044, 0.043, 0.066, 0.054, 0.041, 0.054, 0.06, 0.061, 0.068, 0.052, 0.067, 0.051, 0.046, 0.066, 0.059, 0.069, 0.059, 0.066, 0.058, 0.06, 0.059, 0.073, 0.065, 0.062, 0.07, 0.065, 0.059, 0.065, 0.067, 0.063, 0.052, 0.055, 0.055, 0.061, 0.068, 0.058, 0.061, 0.062, 0.052, 0.056, 0.066, 0.056, 0.057, 0.054, 0.046, 0.047, 0.051, 0.052, 0.053, 0.045, 0.045, 0.048, 0.053, 0.051, 0.049, 0.052, 0.053, 0.05, 0.051, 0.05, 0.044, 0.055, 0.041, 0.046, 0.05, 0.051, 0.047, 0.053, 0.048, 0.051, 0.05, 0.037]
***************************************************************************
Topic: 12
[0.01, 0.016, 0.063, 0.056, 0.021, 0.011, 0.007, 0.01, 0.016, 0.011, 0.006, 0.017, 0.016, 0.014, 0.014, 0.007, 0.019, 0.012, 0.017, 0.008, 0.005, 0.009, 0.011, 0.006, 0.04, 0.014, 0.021, 0.016, 0.016, 0.009, 0.006, 0.019, 0.009, 0.022, 0.023, 0.015, 0.017, 0.014, 0.018, 0.018, 0.027, 0.024, 0.02, 0.031, 0.02, 0.02, 0.019, 0.018, 0.018, 0.012, 0.019, 0.022, 0.022, 0.024, 0.028, 0.019, 0.017, 0.02, 0.019, 0.023, 0.022, 0.026, 0.024, 0.019, 0.022, 0.019, 0.021, 0.018, 0.016, 0.021, 0.019, 0.019, 0.017, 0.02, 0.019, 0.014, 0.016, 0.013, 0.013, 0.016, 0.012, 0.012, 0.011, 0.011, 0.013, 0.01, 0.012, 0.011, 0.01, 0.011, 0.012, 0.01, 0.01, 0.013]
***************************************************************************
Topic: 13
[0.019, 0.016, 0.032, 0.056, 0.011, 0.059, 0.022, 0.026, 0.029, 0.02, 0.04, 0.016, 0.017, 0.035, 0.043, 0.033, 0.033, 0.04, 0.038, 0.032, 0.048, 0.069, 0.07, 0.057, 0.05, 0.065, 0.04, 0.064, 0.046, 0.057, 0.047, 0.037, 0.058, 0.067, 0.046, 0.043, 0.047, 0.033, 0.031, 0.041, 0.042, 0.033, 0.032, 0.039, 0.031, 0.033, 0.034, 0.038, 0.045, 0.03, 0.043, 0.04, 0.036, 0.025, 0.044, 0.049, 0.035, 0.033, 0.034, 0.032, 0.035, 0.028, 0.026, 0.028, 0.022, 0.025, 0.026, 0.027, 0.031, 0.022, 0.025, 0.028, 0.024, 0.019, 0.028, 0.023, 0.021, 0.023, 0.022, 0.021, 0.022, 0.021, 0.02, 0.023, 0.023, 0.022, 0.021, 0.017, 0.019, 0.022, 0.02, 0.02, 0.021, 0.021, 0.021, 0.02, 0.037]
***************************************************************************
Topic: 14
[0.071, 0.076, 0.063, 0.079, 0.093, 0.105, 0.029, 0.089, 0.09, 0.058, 0.051, 0.069, 0.033, 0.046, 0.07, 0.091, 0.065, 0.094, 0.055, 0.051, 0.079, 0.061, 0.041, 0.046, 0.03, 0.068, 0.059, 0.098, 0.08, 0.077, 0.074, 0.057, 0.064, 0.032, 0.045, 0.063, 0.06, 0.065, 0.068, 0.084, 0.062, 0.061, 0.073, 0.077, 0.058, 0.055, 0.064, 0.055, 0.063, 0.048, 0.067, 0.063, 0.049, 0.05, 0.064, 0.069, 0.052, 0.063, 0.058, 0.045, 0.041, 0.048, 0.055, 0.045, 0.059, 0.057, 0.046, 0.043, 0.052, 0.046, 0.042, 0.036, 0.036, 0.038, 0.036, 0.033, 0.033, 0.034, 0.031, 0.029, 0.027, 0.028, 0.029, 0.028, 0.028, 0.03, 0.029, 0.026, 0.026, 0.027, 0.027, 0.027, 0.026, 0.024, 0.024, 0.024, 0.026]
***************************************************************************
Topic: 15
[0.036, 0.019, 0.031, 0.032, 0.019, 0.011, 0.011, 0.026, 0.029, 0.025, 0.004, 0.027, 0.023, 0.029, 0.037, 0.028, 0.023, 0.029, 0.022, 0.016, 0.03, 0.024, 0.027, 0.036, 0.022, 0.012, 0.014, 0.025, 0.023, 0.021, 0.014, 0.023, 0.03, 0.023, 0.032, 0.022, 0.028, 0.019, 0.029, 0.021, 0.035, 0.03, 0.028, 0.028, 0.036, 0.038, 0.036, 0.039, 0.026, 0.03, 0.025, 0.026, 0.037, 0.033, 0.037, 0.026, 0.034, 0.032, 0.03, 0.037, 0.033, 0.039, 0.03, 0.052, 0.054, 0.06, 0.063, 0.052, 0.047, 0.059, 0.051, 0.05, 0.063, 0.055, 0.046, 0.051, 0.05, 0.063, 0.061, 0.059, 0.059, 0.057, 0.055, 0.062, 0.058, 0.059, 0.063, 0.062, 0.065, 0.066, 0.064, 0.064, 0.063, 0.062, 0.067, 0.06, 0.037]
***************************************************************************
Topic: 16
[0.01, 0.013, 0.004, 0.011, 0.006, 0.006, 0.005, 0.011, 0.01, 0.008, 0.004, 0.004, 0.006, 0.009, 0.008, 0.003, 0.005, 0.002, 0.002, 0.004, 0.002, 0.007, 0.009, 0.008, 0.002, 0.001, 0.003, 0.001, 0.004, 0.006, 0.009, 0.01, 0.006, 0.006, 0.007, 0.006, 0.006, 0.009, 0.01, 0.01, 0.007, 0.009, 0.011, 0.01, 0.018, 0.018, 0.023, 0.023, 0.024, 0.026, 0.03, 0.037, 0.04, 0.037, 0.034, 0.045, 0.055, 0.059, 0.068, 0.071, 0.085, 0.092, 0.095, 0.096, 0.095, 0.105, 0.116, 0.113, 0.114, 0.131, 0.116, 0.126, 0.128, 0.136, 0.144, 0.127, 0.135, 0.138, 0.139, 0.136, 0.149, 0.145, 0.156]
***************************************************************************
Topic: 17
[0.016, 0.007, 0.016, 0.022, 0.014, 0.004, 0.009, 0.004, 0.003, 0.006, 0.014, 0.012, 0.009, 0.006, 0.013, 0.016, 0.009, 0.009, 0.015, 0.024, 0.015, 0.017, 0.017, 0.021, 0.018, 0.024, 0.032, 0.017, 0.032, 0.033, 0.028, 0.033, 0.034, 0.026, 0.037, 0.036, 0.042, 0.045, 0.048, 0.043, 0.058, 0.053, 0.047, 0.047, 0.045, 0.051, 0.042, 0.053, 0.057, 0.054, 0.056, 0.053, 0.061, 0.061, 0.046, 0.051, 0.048, 0.05, 0.048, 0.046, 0.041, 0.052, 0.057, 0.048, 0.039, 0.033, 0.028, 0.036, 0.031, 0.032, 0.022, 0.026, 0.022, 0.024, 0.029, 0.026, 0.024, 0.022, 0.021, 0.022, 0.022, 0.029, 0.185]
***************************************************************************
Topic: 18
[0.019, 0.031, 0.019, 0.021, 0.015, 0.033, 0.013, 0.022, 0.025, 0.032, 0.049, 0.023, 0.064, 0.005, 0.014, 0.028, 0.036, 0.032, 0.036, 0.039, 0.033, 0.024, 0.036, 0.022, 0.038, 0.014, 0.019, 0.051, 0.021, 0.041, 0.018, 0.035, 0.024, 0.037, 0.029, 0.025, 0.043, 0.049, 0.032, 0.028, 0.025, 0.024, 0.027, 0.029, 0.031, 0.024, 0.022, 0.037, 0.033, 0.028, 0.031, 0.029, 0.03, 0.021, 0.029, 0.021, 0.034, 0.032, 0.032, 0.03, 0.034, 0.03, 0.034, 0.031, 0.029, 0.031, 0.032, 0.033, 0.03, 0.036, 0.047, 0.036, 0.047, 0.044, 0.04, 0.048, 0.049, 0.038, 0.043, 0.048, 0.049, 0.045, 0.05, 0.045, 0.049, 0.048, 0.049, 0.045, 0.046, 0.043, 0.049, 0.048, 0.049, 0.048, 0.038, 0.037]
***************************************************************************
Topic: 19
[0.357, 0.2, 0.219, 0.175, 0.241, 0.295, 0.176, 0.244, 0.205, 0.285, 0.294, 0.246, 0.251, 0.24, 0.192, 0.139, 0.186, 0.235, 0.19, 0.22, 0.213, 0.212, 0.175, 0.219, 0.202, 0.176, 0.204, 0.216, 0.196, 0.18, 0.182, 0.186, 0.202, 0.186, 0.179, 0.186, 0.142, 0.154, 0.171, 0.147, 0.147, 0.15, 0.14, 0.143, 0.138, 0.13, 0.134, 0.13, 0.134, 0.146, 0.132, 0.131, 0.131, 0.113, 0.135, 0.127, 0.126, 0.131, 0.13, 0.119, 0.117, 0.128, 0.116, 0.123, 0.104, 0.111, 0.112, 0.095, 0.11, 0.108, 0.096, 0.107, 0.103, 0.095, 0.096, 0.089, 0.09, 0.092, 0.091, 0.09, 0.107, 0.095, 0.094, 0.091, 0.096, 0.1, 0.097, 0.091, 0.092, 0.093, 0.095, 0.098, 0.094, 0.095, 0.093, 0.088, 0.084, 0.148]
***************************************************************************
Topic: 20
[0.01, 0.031, 0.016, 0.021, 0.029, 0.022, 0.026, 0.015, 0.03, 0.028, 0.011, 0.023, 0.035, 0.032, 0.028, 0.019, 0.011, 0.026, 0.032, 0.009, 0.033, 0.032, 0.036, 0.014, 0.027, 0.029, 0.011, 0.005, 0.016, 0.02, 0.023, 0.013, 0.019, 0.03, 0.039, 0.012, 0.024, 0.025, 0.026, 0.027, 0.033, 0.023, 0.03, 0.028, 0.026, 0.022, 0.028, 0.032, 0.038, 0.023, 0.026, 0.031, 0.029, 0.032, 0.029, 0.023, 0.022, 0.032, 0.03, 0.036, 0.034, 0.033, 0.037, 0.034, 0.036, 0.043, 0.034, 0.036, 0.039, 0.035, 0.035, 0.038, 0.032, 0.041, 0.038, 0.038, 0.039, 0.035, 0.036, 0.039, 0.04, 0.04, 0.037, 0.041, 0.034, 0.04, 0.037, 0.04, 0.037, 0.037, 0.04, 0.041, 0.038, 0.039, 0.043]
***************************************************************************
eb2-2206-mac03-4:src akond$
